6587 3621 928 4500 1305 2852 6756 2791 1215 2850 
7030 3837 6589 1039 3299 6843 1220 6413 3322 2787 
868 1962 2339 2157 928 2644 1921 6913 2658 3082 
2791 674 2398 743 1736 1765 1277 2231 817 772 
6842 6370 1726 1501 1039 2835 2421 3189 833 1447 
5500 5408 6395 6842 4669 3119 1726 6370 7032 6568 
5661 2145 3121 4408 5041 6435 3180 1215 4415 1357 
6121 7213 6435 2787 3143 1050 2940 4633 2339 2203 
7566 1357 2213 3313 4850 2247 1140 5468 2207 2990 
3302 1218 1957 7305 677 4511 4510 5401 1987 2817 
6395 4873 1355 807 4925 1385 2458 689 1062 4510 
6843 5381 2506 1384 3800 1039 3717 1770 3621 2145 
3791 6762 1216 1066 704 2154 6833 1054 4127 1920 
4638 749 3221 671 782 2769 1762 679 3300 702 
