6587 3621 4500 928 1305 
7030 3837 1039 6589 3299 6843 
868 1962 2339 928 3322 2797 1921 4500 2157 
2791 674 2398 743 671 1765 
6370 6842 1726 1039 1501 2835 2421 3189 833 6843 1447 6579 
5500 6842 1726 6370 6395 5408 7032 
5661 2145 6435 3121 4408 5041 6842 4415 1215 
6121 7213 6435 2787 3143 4500 1050 2940 
1357 7566 6435 2990 6858 5468 4850 6589 
3302 1218 1957 677 7305 4510 5401 4511 6413 
6395 4873 1355 2458 807 689 1062 1385 4925 4510 
6843 5381 1039 2506 1384 6435 3800 2145 3621 
3791 6762 1216 704 1066 1920 2154 782 6842 
4638 671 749 3221 679 782 2769 1762 
